0 0 0 0 0 0 0 0 0 0 0 0 0
0 0 0 0 -100 -170 -200 -200 -150 -100 0 0 0
0 0 0 -170 -200 -200 -200 -200 -200 -200 -100 0 0
0 0 -100 -200 -200 -200 -200 -200 -200 -200 -200 -200 0
0 -100 -200 -200 -200 0 -20 -40 -200 -200 -200 -200 0
0 0 -170 -200 -200 -30 -20 0 -200 -200 -200 0 0
0 0 -190 -200 -200 -150 -10 0 -200 -200 -200 0 0
0 0 -50 -200 -200 -200 0 -20 -200 -200 -200  0 0
0 0 0 -50 -200 -200 -150 -180 -200 -200 -200 0 0
0 30 0 -20 -200 -200 -220 -250 -230 -200 -100 0 0
0 20 30 0 -50 -200 -200 -220 -200 -200 -100 0 0
0 0 20 0 0 -100 -150 -200 -200 -100 0 0 0
0 0 0 0 0 0 0 0 0 0 0 0 0
